测试方法：先在草本附近的弹跳蘑菇那用芙芙的e耗一下全队的血量，耗1/4左右，然后在绝缘本附近有个电气水晶集中点， 尽量让多个电气水晶能打到芙芙，芙芙开大，全队奶妈开大，瞬间叠满层，然后观察芙芙生命值上限的变化规律

注：这个测试方法要求芙芙二命
注：电气水晶的攻击间隔也是0.5秒，所以下面的数据不一定就能说明芙芙生命值上限的变化规律，不过从生命值调整大部分时候并不和电气水晶扣血同步来看，调整间隔0.5秒应该是和电气水晶的攻击间隔无关的，再加上实战的时候也是差不多0.5秒调整一次，所以我们这里的测试只是想采集更多的间隔数据

通过这个测试，还观察到一些有意思的事情，大招无敌时间没等动画结束就结束了

Q动画开始 - 无敌结束: [['FTNH6557', 1.833], ['KQIL4518', 1.742], ['PGFK6543', -0.85], ['QYRF3942', -0.717], ['SGFL2663', -4.368], ['TPKG5556', 1.967]]
排序：[-4.368, -0.85, -0.717, 1.742, 1.833, 1.967]

生命上限调整间隔: [['FTNH6557', [0.533, 0.517, 0.5, 0.55, 0.45]], ['KQIL4518', [0.5, 0.516, 0.5, 0.517, 0.5, 0.517, 0.483, 0.5, 0.45, 0.517, 0.483, 0.517, 0.585, 0.466, 0.484, 0.5, 0.483, 0.5, 0.5, 0.5, 0.517, 0.5, 0.5, 0.5, 0.516, 0.5, 0.517, 0.5, 0.502, 0.5]], ['PGFK6543', [0.483, 0.5, 0.55, 0.5, 0.517, 0.5, 0.517, 0.5, 0.5, 0.5, 0.5, 0.501, 0.467, 0.517, 0.616, 0.4, 0.5, 0.5]], ['QYRF3942', [0.517, 0.483, 0.517, 0.5, 0.55, 0.5, 0.5, 0.517, 0.5, 0.5, 0.5, 0.5, 0.501, 0.4, 0.567, 0.517, 0.5, 0.5, 0.516, 0.5, 0.417, 0.5, 0.5, 0.5, 0.55, 0.517, 0.5, 0.5, 0.516]], ['SGFL2663', [0.5, 0.483, 0.517, 0.5, 0.5, 0.5, 0.517, 0.583, 0.483, 0.517, 0.5, 0.5, 0.518, 0.5, 0.5, 0.5, 0.517, 0.45, 0.65, 0.45]], ['TPKG5556', [0.5, 0.5, 0.45, 0.5, 0.517, 0.5, 0.5, 0.516, 0.5, 0.5, 0.5, 0.519]]]
排序：[0.4, 0.4, 0.417, 0.45, 0.45, 0.45, 0.45, 0.45, 0.466, 0.467, 0.483, 0.483, 0.483, 0.483, 0.483, 0.483, 0.483, 0.484, 
0.5, 0.5, 0.5, 0.5, 0.5, 0.5, 0.5, 0.5, 0.5, 0.5, 0.5, 0.5, 0.5, 0.5, 0.5, 0.5, 0.5, 0.5, 0.5, 0.5, 0.5, 0.5, 0.5, 0.5, 0.5, 0.5, 0.5, 0.5, 0.5, 0.5, 0.5, 0.5, 0.5, 0.5, 0.5, 0.5, 0.5, 0.5, 0.5, 0.5, 0.5, 0.5, 0.5, 0.5, 0.5, 0.5, 0.5, 0.5, 0.5, 0.5, 0.5, 0.5, 0.5, 0.5, 0.5, 0.5, 0.501, 0.501, 0.502, 0.516, 0.516, 0.516, 0.516, 0.516, 0.517, 0.517, 0.517, 0.517, 0.517, 0.517, 0.517, 0.517, 0.517, 0.517, 0.517, 0.517, 0.517, 0.517, 0.517, 0.517, 0.517, 0.517, 0.517, 0.517, 0.518, 0.519, 
0.533, 0.55, 0.55, 0.55, 0.55, 0.567, 0.583, 0.585, 0.616, 0.65]

取值范围: [0.4, 0.6]

0.4 + 0.1 = 0.5
0.6 - 0.1 = 0.5

-------------下面是实战时测到的一些生命上限调整间隔：
生命值调整间隔汇总：0.55,  0.515, 0.484, 0.483, 0.551, 0.449, 0.483, 0.517, 0.5, 0.466， 0.55， 0.534， 0.5， 0.501， 0.466， 0.567， 0.45, 0.55, 0.533, 0.5, 0.5, 0.55, 0.483, 0.552, 0.483, 0.534,
0.517, 0.499, 0.535, 0.465, 0.601, 0.466,
0.567, 0.433, 0.567, 0.45, 0.583, 0.45,
0.483, 0.5, 0.5, 0.5, 0.5, 0.571, 0.5, 0.466,
0.466, 0.483, 0.517, 0.5, 0.5, 0.466, 0.517, 0.583

排序:  [0.433, 0.449, 0.45, 0.45, 0.45, 
0.465, 0.466, 0.466, 0.466, 0.466, 0.466, 0.466, 
0.483, 0.483, 0.483, 0.483, 0.483, 0.483, 0.484, 
0.499, 0.5, 0.5, 0.5, 0.5, 0.5, 0.5, 0.5, 0.5, 0.5, 0.5, 0.5, 0.501, 
0.515, 0.517, 0.517, 0.517, 0.517, 
0.533, 0.534, 0.534, 0.535, 
0.55, 0.55, 0.55, 0.55, 0.551, 0.552, 
0.567, 0.567, 0.567, 0.571, 
0.583, 0.583, 
0.601]

基本也在 [0.4, 0.6] 这个区间内

不过，因为有 0.2s 的波动范围，也引申出另一个疑问：只有一来一回才会有 0.2s 的波动，这意味着生命值调整是客户端发起的

三小只的扣血间隔、满命回血间隔也大概率是客户端发起的，为什么这些“定时”的任务都不是由服务端直接发起呢？这样的定时任务会占用服务器大量资源？

================= 这个调整机制是否有阻塞机制？===================

验证方法：气氛值叠到400层以上触发二命生命值叠层后，暂停一小会，然后切到芙芙，给芙芙加血，应该立即就行看到芙芙的生命值调整

不过，如果恰好卡在 0.5 这个边界点上生命值调整，就无法说明是否有阻塞了

目前观测到的数据基本能确认是有阻塞机制的


