Q动画开始 - Q出伤: [ASAP8491:1.335], [CHXJ7043:1.285], [CIOP3532:1.384], [EWBB3415:1.301], [GIGD1154:1.285], [HCDL6154:1.383], [HGCH2348:1.333], [IWSV0119:1.301], [JCRG4565:1.369], [KKZV5622:1.368], [KTTM6178:1.335], [LCBI1456:1.385], [QGXQ6155:1.385], [QWUG1729:1.418], [RVTE3442:1.384], [SPTE9497:1.368], [SSTB7740:1.369], [TFGS8397:1.318], [TGCO5571:1.385], [XVGK3879:1.285], [ANEU2466:1.367], [AWQH4688:1.375], [HVXO2530:None], [KWCB3721:1.385], [LRXD4323:1.385], [MOJZ9635:1.335], [MRWF3981:1.3], [NBPR2539:1.316],
排序: [1.285, 1.285, 1.285, 1.3, 1.301, 1.301, 1.316, 1.318, 1.333, 1.335, 1.335, 1.335, 1.367, 1.368, 1.368, 1.369, 1.369, 1.375, 1.383, 1.384, 1.384, 1.385, 1.385, 1.385, 1.385, 1.385, 1.418]

1.285 - 0.05 = 1.235
1.385 - 0.15 = 1.235

q增伤开始时间: [ASAP8491:1:(1.171, 1.436), 2:(1.237, 1.486)]], [CHXJ7043:1:(1.204, 1.453), 2:(1.204, 1.47)]], [CIOP3532:1:(1.088, 1.354), 2:(1.121, 1.37), 3:(1.155, 1.42)]], [EWBB3415:1:(1.104, 1.353), 2:(1.104, 1.353), 3:(1.104, 1.353)]], [GIGD1154:1:(1.155, 1.42), 2:(1.155, 1.404), 3:(1.155, 1.404)]], [HCDL6154:1:(1.052, 1.301), 2:(1.052, 1.301), 3:(1.054, 1.303)]], [HGCH2348:1:(1.137, 1.386), 2:(1.137, 1.403), 3:(1.154, 1.403)]], [IWSV0119:1:(1.237, 1.486), 2:(1.021, 1.286), 3:(1.054, 1.32)]], [JCRG4565:1:(1.138, 1.387), 2:(1.138, 1.387), 3:(1.138, 1.387)]], [KKZV5622:1:(0.921, 1.17), 2:(0.921, 1.17), 3:(0.921, 1.17)]], [KTTM6178:1:(0.971, 1.22), 2:(0.971, 1.22), 3:(0.971, 1.22)]], [LCBI1456:1:(1.188, 1.437), 2:(1.221, 1.487), 3:(1.255, 1.52)]], [QGXQ6155:1:(1.121, 1.37), 2:(1.121, 1.37)]], [QWUG1729:1:(1.121, 1.37), 2:(1.121, 1.37), 3:(1.121, 1.37)]], [RVTE3442:1:(1.138, 1.387)]], [SPTE9497:1:(1.088, 1.337), 2:(1.104, 1.353), 3:(1.121, 1.353)]], [SSTB7740:1:(1.105, 1.354), 2:(1.105, 1.354), 3:(1.105, 1.354)]], [TFGS8397:1:(1.004, 1.27), 2:(1.004, 1.253), 3:(1.004, 1.253)]], [TGCO5571:1:(1.087, 1.336), 2:(1.154, 1.62)]], [XVGK3879:1:(1.104, 1.37), 2:(1.138, 1.387), 3:(1.171, 1.453)]], [ANEU2466:1:(1.019, 1.268), 2:(1.019, 1.268), 3:(1.036, 1.268), 4:(1.021, 1.287)]], [AWQH4688:1:(0.928, 1.177), 2:(0.928, 1.177), 3:(0.928, 1.177), 4:(0.929, 1.178)]], [HVXO2530:1:(1.169, 1.418), 2:(1.169, 1.418), 3:(1.169, 1.418), 4:(0.921, 1.17)]], [KWCB3721:1:(1.088, 1.337), 2:(1.088, 1.337)]], [LRXD4323:1:(1.021, 1.27), 2:(1.021, 1.27)]], [MOJZ9635:1:(1.036, 1.285), 2:(1.036, 1.285), 3:(1.038, 1.287), 4:(1.038, 1.287)]], [MRWF3981:1:(0.988, 1.237)]], [NBPR2539:1:(0.952, 1.201), 2:(0.952, 1.201), 3:(0.952, 1.201), 4:(0.952, 1.201), 5:(0.954, 1.203)]],
按下限降序: [(1.255, 1.52), (1.237, 1.486), (1.237, 1.486), (1.221, 1.487), (1.204, 1.453), (1.204, 1.47), 
(1.188, 1.437), (1.171, 1.436), (1.171, 1.453), (1.169, 1.418), (1.169, 1.418), (1.169, 1.418), (1.155, 1.42), (1.155, 1.42), (1.155, 1.404), (1.155, 1.404), (1.154, 1.403), (1.154, 1.62), (1.138, 1.387), (1.138, 1.387), (1.138, 1.387), (1.138, 1.387), (1.138, 1.387), (1.137, 1.386), (1.137, 1.403), (1.121, 1.37), (1.121, 1.37), (1.121, 1.37), (1.121, 1.37), (1.121, 1.37), (1.121, 1.37), (1.121, 1.353), (1.105, 1.354), (1.105, 1.354), (1.105, 1.354), (1.104, 1.353), (1.104, 1.353), (1.104, 1.353), (1.104, 1.353), (1.104, 1.37), (1.088, 1.354), (1.088, 1.337), (1.088, 1.337), (1.088, 1.337), (1.087, 1.336), (1.054, 1.303), (1.054, 1.32), (1.052, 1.301), (1.052, 1.301), (1.038, 1.287), (1.038, 1.287), (1.036, 1.268), (1.036, 1.285), (1.036, 1.285), (1.021, 1.286), (1.021, 1.287), (1.021, 1.27), (1.021, 1.27), (1.019, 1.268), (1.019, 1.268), (1.004, 1.27), (1.004, 1.253), (1.004, 1.253), (0.988, 1.237), (0.971, 1.22), (0.971, 1.22), (0.971, 1.22), (0.954, 1.203), (0.952, 1.201), (0.952, 1.201), (0.952, 1.201), (0.952, 1.201), (0.929, 1.178), (0.928, 1.177), (0.928, 1.177), (0.928, 1.177), (0.921, 1.17), (0.921, 1.17), (0.921, 1.17), (0.921, 1.17)]
按上限升序: [(0.921, 1.17), (0.921, 1.17), (0.921, 1.17), (0.921, 1.17), (0.928, 1.177), (0.928, 1.177), (0.928, 1.177), (0.929, 1.178), (0.952, 1.201), (0.952, 1.201), (0.952, 1.201), (0.952, 1.201), (0.954, 1.203), (0.971, 1.22), (0.971, 1.22), (0.971, 1.22), (0.988, 1.237), (1.004, 1.253), (1.004, 1.253), (1.036, 1.268), (1.019, 1.268), (1.019, 1.268), (1.021, 1.27), (1.021, 1.27), (1.004, 1.27), (1.036, 1.285), (1.036, 1.285), (1.021, 1.286), (1.038, 1.287), (1.038, 1.287), (1.021, 1.287), (1.052, 1.301), (1.052, 1.301), (1.054, 1.303), (1.054, 1.32), (1.087, 1.336), (1.088, 1.337), (1.088, 1.337), (1.088, 1.337), (1.121, 1.353), (1.104, 1.353), (1.104, 1.353), (1.104, 1.353), (1.104, 1.353), (1.105, 1.354), (1.105, 1.354), (1.105, 1.354), (1.088, 1.354), (1.121, 1.37), (1.121, 1.37), (1.121, 1.37), (1.121, 1.37), (1.121, 1.37), (1.121, 1.37), (1.104, 1.37), (1.137, 1.386), (1.138, 1.387), (1.138, 1.387), (1.138, 1.387), (1.138, 1.387), (1.138, 1.387), (1.154, 1.403), (1.137, 1.403), (1.155, 1.404), (1.155, 1.404), (1.169, 1.418), (1.169, 1.418), (1.169, 1.418), (1.155, 1.42), (1.155, 1.42), (1.171, 1.436), (1.188, 1.437), (1.204, 1.453), (1.171, 1.453), (1.204, 1.47), (1.237, 1.486), (1.237, 1.486), (1.221, 1.487), (1.255, 1.52), (1.154, 1.62)]


1.17似乎是一个临界值，在“按下限排序”中，1.17以上的数量极少

再结果q_end里的分析，1.17也是合理的