第一刀命中 - 首次回血: [BKYY0596:1.251], [DHLT5793:1.218], [DLTO7182:1.235], [DTFG5723:1.235], [EEIR7153:1.269], [EFUH3896:1.219], [ESLI9991:1.268], [GSSR1332:1.218], [HUZH6997:1.252], [IAGX0322:1.252], [IVCQ6131:1.202], [JCEH4948:1.218], [JSUC9019:1.251], [KTNI3262:1.251], [LZTJ4718:1.218], [MOCY7912:1.252], [NKFQ6291:1.268], [PMQK4317:1.235], [PQNH8957:1.219], [PXJY8429:1.219], [QFGO0469:1.235], [QXOL1589:1.234], [QYMS0277:1.268], [SGIU6896:1.202], [SLRW1557:1.285], [TFUS0863:1.235], [TMDK4111:1.283], [TPOK8789:1.251], [VNSH3127:1.285], [XIJY6800:1.302], [XOFW9540:1.268],
排序: [1.202, 1.202, 1.218, 1.218, 1.218, 1.218, 1.219, 1.219, 1.219, 1.234, 1.235, 1.235, 1.235, 1.235, 1.235, 1.251, 1.251, 1.251, 1.251, 1.252, 1.252, 1.252, 1.268, 1.268, 1.268, 1.268, 1.269, 1.283, 1.285, 1.285, 1.302]

第一刀命中 - 最后回血: [BKYY0596:(3.285, 3)], [DHLT5793:(3.252, 3)], [DLTO7182:(3.202, 3)], [DTFG5723:(3.219, 3)], [EEIR7153:(3.219, 3)], [EFUH3896:(3.219, 3)], [ESLI9991:(3.251, 3)], [GSSR1332:(3.201, 3)], [HUZH6997:(3.202, 3)], [IAGX0322:(3.219, 3)], [IVCQ6131:(3.152, 3)], [JCEH4948:(3.218, 3)], [JSUC9019:(3.218, 3)], [KTNI3262:(3.218, 3)], [LZTJ4718:(3.235, 3)], [MOCY7912:(3.202, 3)], [NKFQ6291:(3.218, 3)], [PMQK4317:(3.268, 3)], [PQNH8957:(3.235, 3)], [PXJY8429:(3.202, 3)], [QFGO0469:(3.268, 3)], [QXOL1589:(3.25, 3)], [QYMS0277:(3.185, 3)], [SGIU6896:(3.168, 3)], [SLRW1557:(3.185, 3)], [TFUS0863:(3.252, 3)], [TMDK4111:(3.183, 3)], [TPOK8789:(3.218, 3)], [VNSH3127:(3.235, 3)], [XIJY6800:(3.185, 3)], [XOFW9540:(3.235, 3)],
排序: [(3.152, 3), (3.168, 3), (3.183, 3), (3.185, 3), (3.185, 3), (3.185, 3), (3.201, 3), (3.202, 3), (3.202, 3), (3.202, 3), (3.202, 3), (3.218, 3), (3.218, 3), (3.218, 3), (3.218, 3), (3.218, 3), (3.219, 3), (3.219, 3), (3.219, 3), (3.219, 3), (3.235, 3), (3.235, 3), (3.235, 3), (3.235, 3), (3.25, 3), (3.251, 3), (3.252, 3), (3.252, 3), (3.268, 3), (3.268, 3), (3.285, 3)]

3.152 - 0.05 = 3.102
3.252 - 0.15 = 3.102

3.102 - 1.15 =  1.952

首次回血 - 最后回血: [BKYY0596:(2.034, 3)], [DHLT5793:(2.034, 3)], [DLTO7182:(1.967, 3)], [DTFG5723:(1.984, 3)], [EEIR7153:(1.95, 3)], [EFUH3896:(2.0, 3)], [ESLI9991:(1.983, 3)], [GSSR1332:(1.983, 3)], [HUZH6997:(1.95, 3)], [IAGX0322:(1.967, 3)], [IVCQ6131:(1.95, 3)], [JCEH4948:(2.0, 3)], [JSUC9019:(1.967, 3)], [KTNI3262:(1.967, 3)], [LZTJ4718:(2.017, 3)], [MOCY7912:(1.95, 3)], [NKFQ6291:(1.95, 3)], [PMQK4317:(2.033, 3)], [PQNH8957:(2.016, 3)], [PXJY8429:(1.983, 3)], [QFGO0469:(2.033, 3)], [QXOL1589:(2.016, 3)], [QYMS0277:(1.917, 3)], [SGIU6896:(1.966, 3)], [SLRW1557:(1.9, 3)], [TFUS0863:(2.017, 3)], [TMDK4111:(1.9, 3)], [TPOK8789:(1.967, 3)], [VNSH3127:(1.95, 3)], [XIJY6800:(1.883, 3)], [XOFW9540:(1.967, 3)],
排序: [(1.883, 3), (1.9, 3), (1.9, 3), (1.917, 3), (1.95, 3), (1.95, 3), (1.95, 3), (1.95, 3), (1.95, 3), (1.95, 3), (1.966, 3), (1.967, 3), (1.967, 3), (1.967, 3), (1.967, 3), (1.967, 3), (1.967, 3), (1.983, 3), (1.983, 3), (1.983, 3), (1.984, 3), (2.0, 3), (2.0, 3), (2.016, 3), (2.016, 3), (2.017, 3), (2.017, 3), (2.033, 3), (2.033, 3), (2.034, 3), (2.034, 3)]

波动范围不足 0.2， 不好计算呀

2.034 - 0.1 = 1.934
1.883 + 0.1 = 1.983

(1.934 + 1.983) / 2 = 1.958

结合 “第一刀命中-最后回血”的理论计算，应该就在 1.95 左右

1.95 + 1 = 2.95
2.95 - 2.9 = 0.05 

0.985 * 3 = 2.955



